# Tree Probability vs percolation percentage. Dimensión: 128. Cycles: 25000
# Corner Size: 13 Number of clusters 5 Iteration from 0.58 to 0.63
0.58   3.76
0.581   4.42
0.582   5.212
0.583   6.26
0.584   6.784
0.585   7.916
0.586   9.004
0.587   10.288
0.588   11.996
0.589   13.32
0.59   14.984
0.591   16.596
0.592   18.424
0.593   20.316
0.594   22.84
0.595   24.976
0.596   27.988
0.597   30.016
0.598   33.264
0.599   34.972
0.6   38.3
0.601   41.516
0.602   43.764
0.603   46.82
0.604   49.516
0.605   52.8
0.606   56.208
0.607   58.332
0.608   60.968
0.609   63.812
0.61   66.98
0.611   69.252
0.612   71.364
0.613   73.24
0.614   75.988
0.615   78.064
0.616   79.752
0.617   81.672
0.618   83.452
0.619   85.036
0.62   86.664
0.621   87.644
0.622   88.984
0.623   90.168
0.624   91
0.625   92.288
0.626   93.36
0.627   93.684
0.628   94.712
0.629   95.228
0.63   95.668
