# Tree Probability vs percolation percentage. Dimension: 256. Cycles: 10000
# Corner Size: 26. Number of clusters 5. Iteration from 0.584 to 0.617
0.584   2.63
0.585   4.12
0.586   4.71
0.587   6.2
0.588   7.97
0.589   10.5
0.59   12.97
0.591   15.54
0.592   18.19
0.593   22.12
0.594   25.72
0.595   30.06
0.596   34.6
0.597   39.21
0.598   43.4
0.599   49.67
0.6   53.88
0.601   57.7
0.602   62.23
0.603   67.45
0.604   71.2
0.605   75.55
0.606   79.35
0.607   81.64
0.608   84.98
0.609   86.63
0.61   88.62
0.611   91.83
0.612   92.25
0.613   93.91
0.614   95
0.615   96.02
0.616   96.89
0.617   97.17
