# Tree Probability vs percolation percentage. Dimensión: 32. Cycles: 100000
# Corner Size: 4 Number of clusters 5 Iteration from 0.55 to 0.67
3.168
3.256
3.479
3.705
4.054
4.043
4.435
4.649
4.684
5.072
5.356
5.65
6.025
6.304
6.591
7.042
7.409
7.706
8.047
8.557
9.122
9.412
9.893
10.508
10.993
11.565
11.987
12.384
12.921
13.657
14.043
14.857
15.305
16.09
16.671
17.418
17.894
18.521
19.3
20.231
20.779
21.678
22.705
23.257
24.06
25.091
25.669
26.774
27.446
28.501
29.311
30.153
31.409
32.462
33.167
33.922
34.85
36.021
37.223
37.898
38.997
39.86
41.037
42.196
43.324
44.246
45.285
46.373
47.429
48.36
49.711
50.524
51.726
52.474
53.553
54.715
55.777
56.765
57.888
58.98
59.901
60.773
62.203
62.798
64.196
64.819
65.791
66.708
67.182
68.338
69.438
70.334
71.269
72.184
72.989
74.018
74.945
75.393
76.416
76.967
78.041
78.708
79.262
80.138
80.91
81.332
82.172
82.796
83.458
83.991
84.6
85.371
86.016
86.204
87.044
87.196
87.838
88.512
88.898
89.259
89.68
90.008
90.414
90.832
91.301
91.535
91.83
92.256
92.596
92.909
93.114
93.515
93.86
94.235
94.373
94.681
94.955
95.17
95.334
