# Tree Probability vs percolation percentage. Dimensión: 64. Cycles: 100000
# Corner Size: 6. Number of clusters 5 Iteration from 0.57 to 0.67
2.54
2.867
3.042
3.418
3.77
4.07
4.463
5.025
5.399
5.997
6.665
7.042
7.725
8.321
8.809
9.656
10.46
11.143
11.992
13.124
14.226
14.94
16.049
17.058
18.086
19.347
20.716
21.753
23.057
24.589
25.824
27.405
28.728
30.212
31.642
33.444
35.013
36.271
37.797
39.751
41.248
43.008
44.811
46.359
47.888
49.987
51.652
53.274
54.778
56.607
58.068
59.61
61.255
62.649
64.493
65.933
67.646
68.727
70.178
71.595
73.25
74.137
75.485
76.895
77.87
79.04
79.988
81.17
82.368
82.855
84.043
84.964
85.82
86.633
87.429
88.114
88.829
89.551
90.116
90.691
91.218
91.662
92.221
92.666
93.2
93.651
94.119
94.363
94.76
94.982
95.33
95.754
96.031
96.297
96.493
96.682
97.004
97.107
97.312
97.494
97.717
